171
192
176
85
105
56
157
67
1
191
64
34
26
158
148
103
15
99
29
74
9
84
16
94
138
144
43
129
104
181
131
195
57
168
199
18
30
37
17
66
125
32
187
119
24
25
205
159
65
116
178
196
184
122
54
174
118
109
81
0
127
27
52
22
102
117
38
115
90
156
21
147
20
165
120
175
149
201
162
8
146
189
70
42
134
14
72
206
6
31
10
61
151
95
97
53
78
75
91
128
50
4
45
93
198
173
114
63
180
141
107
106
142
197
130
40
48
5
135
44
160
164
179
154
167
193
203
88
132
100
163
77
62
124
137
113
172
101
87
140
71
204
80
111
150
46
136
96
169
49
170
98
155
143
182
19
68
112
145
110
12
28
79
202
126
35
